"","cohort","condition","hemisphere","subregion","area","author","coordinates","rotation_x","rotation_y","mean_1","mean_2","model_name","n","d","num_of_clusters","intensity"
"1","111722","SH P0-P1","RH","SSs","0.515","JM","W3-1.3","(-)6.000","(-)3.000",647.353317183035,1267.37674871016,"E",247,1,2,4
"2","111722","SH P0-P1","RH","SSs","0.515","JM","W3-1.3","(-)6.000","(-)3.000",647.353317183035,1267.37674871016,"E",247,1,2,310
"3","111722","SH P0-P1","RH","SSs","0.515","JM","W3-1.3","(-)6.000","(-)3.000",647.353317183035,1267.37674871016,"E",247,1,2,2162
"4","111722","SH P0-P1","RH","SSs","0.515","JM","W3-1.3","(-)6.000","(-)3.000",647.353317183035,1267.37674871016,"E",247,1,2,6440
"5","111722","SH P0-P1","RH","SSs","0.515","JM","W3-1.3","(-)6.000","(-)3.000",647.353317183035,1267.37674871016,"E",247,1,2,10097
"6","111722","SH P0-P1","RH","SSs","0.515","JM","W3-1.3","(-)6.000","(-)3.000",647.353317183035,1267.37674871016,"E",247,1,2,11261
"7","111722","SH P0-P1","RH","SSs","0.515","JM","W3-1.3","(-)6.000","(-)3.000",647.353317183035,1267.37674871016,"E",247,1,2,11207
"8","111722","SH P0-P1","RH","SSs","0.515","JM","W3-1.3","(-)6.000","(-)3.000",647.353317183035,1267.37674871016,"E",247,1,2,9782
"9","111722","SH P0-P1","RH","SSs","0.515","JM","W3-1.3","(-)6.000","(-)3.000",647.353317183035,1267.37674871016,"E",247,1,2,7818
"10","111722","SH P0-P1","RH","SSs","0.515","JM","W3-1.3","(-)6.000","(-)3.000",647.353317183035,1267.37674871016,"E",247,1,2,6425
"11","111722","SH P0-P1","RH","SSs","0.515","JM","W3-1.3","(-)6.000","(-)3.000",647.353317183035,1267.37674871016,"E",247,1,2,5469
"12","111722","SH P0-P1","RH","SSs","0.515","JM","W3-1.3","(-)6.000","(-)3.000",647.353317183035,1267.37674871016,"E",247,1,2,4815
"13","111722","SH P0-P1","RH","SSs","0.515","JM","W3-1.3","(-)6.000","(-)3.000",647.353317183035,1267.37674871016,"E",247,1,2,4670
"14","111722","SH P0-P1","RH","SSs","0.515","JM","W3-1.3","(-)6.000","(-)3.000",647.353317183035,1267.37674871016,"E",247,1,2,4287
"15","111722","SH P0-P1","RH","SSs","0.515","JM","W3-1.3","(-)6.000","(-)3.000",647.353317183035,1267.37674871016,"E",247,1,2,3949
"16","111722","SH P0-P1","RH","SSs","0.515","JM","W3-1.3","(-)6.000","(-)3.000",647.353317183035,1267.37674871016,"E",247,1,2,3420
"17","111722","SH P0-P1","RH","SSs","0.515","JM","W3-1.3","(-)6.000","(-)3.000",647.353317183035,1267.37674871016,"E",247,1,2,3221
"18","111722","SH P0-P1","RH","SSs","0.515","JM","W3-1.3","(-)6.000","(-)3.000",647.353317183035,1267.37674871016,"E",247,1,2,3267
"19","111722","SH P0-P1","RH","SSs","0.515","JM","W3-1.3","(-)6.000","(-)3.000",647.353317183035,1267.37674871016,"E",247,1,2,3163
"20","111722","SH P0-P1","RH","SSs","0.515","JM","W3-1.3","(-)6.000","(-)3.000",647.353317183035,1267.37674871016,"E",247,1,2,3025
"21","111722","SH P0-P1","RH","SSs","0.515","JM","W3-1.3","(-)6.000","(-)3.000",647.353317183035,1267.37674871016,"E",247,1,2,3092
"22","111722","SH P0-P1","RH","SSs","0.515","JM","W3-1.3","(-)6.000","(-)3.000",647.353317183035,1267.37674871016,"E",247,1,2,3085
"23","111722","SH P0-P1","RH","SSs","0.515","JM","W3-1.3","(-)6.000","(-)3.000",647.353317183035,1267.37674871016,"E",247,1,2,3143
"24","111722","SH P0-P1","RH","SSs","0.515","JM","W3-1.3","(-)6.000","(-)3.000",647.353317183035,1267.37674871016,"E",247,1,2,3288
"25","111722","SH P0-P1","RH","SSs","0.515","JM","W3-1.3","(-)6.000","(-)3.000",647.353317183035,1267.37674871016,"E",247,1,2,3361
"26","111722","SH P0-P1","RH","SSs","0.515","JM","W3-1.3","(-)6.000","(-)3.000",647.353317183035,1267.37674871016,"E",247,1,2,3533
"27","111722","SH P0-P1","RH","SSs","0.515","JM","W3-1.3","(-)6.000","(-)3.000",647.353317183035,1267.37674871016,"E",247,1,2,3376
"28","111722","SH P0-P1","RH","SSs","0.515","JM","W3-1.3","(-)6.000","(-)3.000",647.353317183035,1267.37674871016,"E",247,1,2,3282
"29","111722","SH P0-P1","RH","SSs","0.515","JM","W3-1.3","(-)6.000","(-)3.000",647.353317183035,1267.37674871016,"E",247,1,2,3071
"30","111722","SH P0-P1","RH","SSs","0.515","JM","W3-1.3","(-)6.000","(-)3.000",647.353317183035,1267.37674871016,"E",247,1,2,2927
"31","111722","SH P0-P1","RH","SSs","0.515","JM","W3-1.3","(-)6.000","(-)3.000",647.353317183035,1267.37674871016,"E",247,1,2,2864
"32","111722","SH P0-P1","RH","SSs","0.515","JM","W3-1.3","(-)6.000","(-)3.000",647.353317183035,1267.37674871016,"E",247,1,2,2883
"33","111722","SH P0-P1","RH","SSs","0.515","JM","W3-1.3","(-)6.000","(-)3.000",647.353317183035,1267.37674871016,"E",247,1,2,2873
"34","111722","SH P0-P1","RH","SSs","0.515","JM","W3-1.3","(-)6.000","(-)3.000",647.353317183035,1267.37674871016,"E",247,1,2,2872
"35","111722","SH P0-P1","RH","SSs","0.515","JM","W3-1.3","(-)6.000","(-)3.000",647.353317183035,1267.37674871016,"E",247,1,2,2745
"36","111722","SH P0-P1","RH","SSs","0.515","JM","W3-1.3","(-)6.000","(-)3.000",647.353317183035,1267.37674871016,"E",247,1,2,2775
"37","111722","SH P0-P1","RH","SSs","0.515","JM","W3-1.3","(-)6.000","(-)3.000",647.353317183035,1267.37674871016,"E",247,1,2,2798
"38","111722","SH P0-P1","RH","SSs","0.515","JM","W3-1.3","(-)6.000","(-)3.000",647.353317183035,1267.37674871016,"E",247,1,2,2647
"39","111722","SH P0-P1","RH","SSs","0.515","JM","W3-1.3","(-)6.000","(-)3.000",647.353317183035,1267.37674871016,"E",247,1,2,2587
"40","111722","SH P0-P1","RH","SSs","0.515","JM","W3-1.3","(-)6.000","(-)3.000",647.353317183035,1267.37674871016,"E",247,1,2,2555
"41","111722","SH P0-P1","RH","SSs","0.515","JM","W3-1.3","(-)6.000","(-)3.000",647.353317183035,1267.37674871016,"E",247,1,2,2452
"42","111722","SH P0-P1","RH","SSs","0.515","JM","W3-1.3","(-)6.000","(-)3.000",647.353317183035,1267.37674871016,"E",247,1,2,2405
"43","111722","SH P0-P1","RH","SSs","0.515","JM","W3-1.3","(-)6.000","(-)3.000",647.353317183035,1267.37674871016,"E",247,1,2,2298
"44","111722","SH P0-P1","RH","SSs","0.515","JM","W3-1.3","(-)6.000","(-)3.000",647.353317183035,1267.37674871016,"E",247,1,2,2227
"45","111722","SH P0-P1","RH","SSs","0.515","JM","W3-1.3","(-)6.000","(-)3.000",647.353317183035,1267.37674871016,"E",247,1,2,2199
"46","111722","SH P0-P1","RH","SSs","0.515","JM","W3-1.3","(-)6.000","(-)3.000",647.353317183035,1267.37674871016,"E",247,1,2,1998
"47","111722","SH P0-P1","RH","SSs","0.515","JM","W3-1.3","(-)6.000","(-)3.000",647.353317183035,1267.37674871016,"E",247,1,2,2028
"48","111722","SH P0-P1","RH","SSs","0.515","JM","W3-1.3","(-)6.000","(-)3.000",647.353317183035,1267.37674871016,"E",247,1,2,2021
"49","111722","SH P0-P1","RH","SSs","0.515","JM","W3-1.3","(-)6.000","(-)3.000",647.353317183035,1267.37674871016,"E",247,1,2,1931
"50","111722","SH P0-P1","RH","SSs","0.515","JM","W3-1.3","(-)6.000","(-)3.000",647.353317183035,1267.37674871016,"E",247,1,2,1835
"51","111722","SH P0-P1","RH","SSs","0.515","JM","W3-1.3","(-)6.000","(-)3.000",647.353317183035,1267.37674871016,"E",247,1,2,1647
"52","111722","SH P0-P1","RH","SSs","0.515","JM","W3-1.3","(-)6.000","(-)3.000",647.353317183035,1267.37674871016,"E",247,1,2,1525
"53","111722","SH P0-P1","RH","SSs","0.515","JM","W3-1.3","(-)6.000","(-)3.000",647.353317183035,1267.37674871016,"E",247,1,2,1497
"54","111722","SH P0-P1","RH","SSs","0.515","JM","W3-1.3","(-)6.000","(-)3.000",647.353317183035,1267.37674871016,"E",247,1,2,1372
"55","111722","SH P0-P1","RH","SSs","0.515","JM","W3-1.3","(-)6.000","(-)3.000",647.353317183035,1267.37674871016,"E",247,1,2,1377
"56","111722","SH P0-P1","RH","SSs","0.515","JM","W3-1.3","(-)6.000","(-)3.000",647.353317183035,1267.37674871016,"E",247,1,2,1329
"57","111722","SH P0-P1","RH","SSs","0.515","JM","W3-1.3","(-)6.000","(-)3.000",647.353317183035,1267.37674871016,"E",247,1,2,1297
"58","111722","SH P0-P1","RH","SSs","0.515","JM","W3-1.3","(-)6.000","(-)3.000",647.353317183035,1267.37674871016,"E",247,1,2,1247
"59","111722","SH P0-P1","RH","SSs","0.515","JM","W3-1.3","(-)6.000","(-)3.000",647.353317183035,1267.37674871016,"E",247,1,2,1119
"60","111722","SH P0-P1","RH","SSs","0.515","JM","W3-1.3","(-)6.000","(-)3.000",647.353317183035,1267.37674871016,"E",247,1,2,1118
"61","111722","SH P0-P1","RH","SSs","0.515","JM","W3-1.3","(-)6.000","(-)3.000",647.353317183035,1267.37674871016,"E",247,1,2,1059
"62","111722","SH P0-P1","RH","SSs","0.515","JM","W3-1.3","(-)6.000","(-)3.000",647.353317183035,1267.37674871016,"E",247,1,2,1046
"63","111722","SH P0-P1","RH","SSs","0.515","JM","W3-1.3","(-)6.000","(-)3.000",647.353317183035,1267.37674871016,"E",247,1,2,968
"64","111722","SH P0-P1","RH","SSs","0.515","JM","W3-1.3","(-)6.000","(-)3.000",647.353317183035,1267.37674871016,"E",247,1,2,963
"65","111722","SH P0-P1","RH","SSs","0.515","JM","W3-1.3","(-)6.000","(-)3.000",647.353317183035,1267.37674871016,"E",247,1,2,881
"66","111722","SH P0-P1","RH","SSs","0.515","JM","W3-1.3","(-)6.000","(-)3.000",647.353317183035,1267.37674871016,"E",247,1,2,838
"67","111722","SH P0-P1","RH","SSs","0.515","JM","W3-1.3","(-)6.000","(-)3.000",647.353317183035,1267.37674871016,"E",247,1,2,814
"68","111722","SH P0-P1","RH","SSs","0.515","JM","W3-1.3","(-)6.000","(-)3.000",647.353317183035,1267.37674871016,"E",247,1,2,755
"69","111722","SH P0-P1","RH","SSs","0.515","JM","W3-1.3","(-)6.000","(-)3.000",647.353317183035,1267.37674871016,"E",247,1,2,705
"70","111722","SH P0-P1","RH","SSs","0.515","JM","W3-1.3","(-)6.000","(-)3.000",647.353317183035,1267.37674871016,"E",247,1,2,703
"71","111722","SH P0-P1","RH","SSs","0.515","JM","W3-1.3","(-)6.000","(-)3.000",647.353317183035,1267.37674871016,"E",247,1,2,649
"72","111722","SH P0-P1","RH","SSs","0.515","JM","W3-1.3","(-)6.000","(-)3.000",647.353317183035,1267.37674871016,"E",247,1,2,628
"73","111722","SH P0-P1","RH","SSs","0.515","JM","W3-1.3","(-)6.000","(-)3.000",647.353317183035,1267.37674871016,"E",247,1,2,571
"74","111722","SH P0-P1","RH","SSs","0.515","JM","W3-1.3","(-)6.000","(-)3.000",647.353317183035,1267.37674871016,"E",247,1,2,544
"75","111722","SH P0-P1","RH","SSs","0.515","JM","W3-1.3","(-)6.000","(-)3.000",647.353317183035,1267.37674871016,"E",247,1,2,587
"76","111722","SH P0-P1","RH","SSs","0.515","JM","W3-1.3","(-)6.000","(-)3.000",647.353317183035,1267.37674871016,"E",247,1,2,520
"77","111722","SH P0-P1","RH","SSs","0.515","JM","W3-1.3","(-)6.000","(-)3.000",647.353317183035,1267.37674871016,"E",247,1,2,519
"78","111722","SH P0-P1","RH","SSs","0.515","JM","W3-1.3","(-)6.000","(-)3.000",647.353317183035,1267.37674871016,"E",247,1,2,496
"79","111722","SH P0-P1","RH","SSs","0.515","JM","W3-1.3","(-)6.000","(-)3.000",647.353317183035,1267.37674871016,"E",247,1,2,478
"80","111722","SH P0-P1","RH","SSs","0.515","JM","W3-1.3","(-)6.000","(-)3.000",647.353317183035,1267.37674871016,"E",247,1,2,474
"81","111722","SH P0-P1","RH","SSs","0.515","JM","W3-1.3","(-)6.000","(-)3.000",647.353317183035,1267.37674871016,"E",247,1,2,448
"82","111722","SH P0-P1","RH","SSs","0.515","JM","W3-1.3","(-)6.000","(-)3.000",647.353317183035,1267.37674871016,"E",247,1,2,404
"83","111722","SH P0-P1","RH","SSs","0.515","JM","W3-1.3","(-)6.000","(-)3.000",647.353317183035,1267.37674871016,"E",247,1,2,386
"84","111722","SH P0-P1","RH","SSs","0.515","JM","W3-1.3","(-)6.000","(-)3.000",647.353317183035,1267.37674871016,"E",247,1,2,370
"85","111722","SH P0-P1","RH","SSs","0.515","JM","W3-1.3","(-)6.000","(-)3.000",647.353317183035,1267.37674871016,"E",247,1,2,350
"86","111722","SH P0-P1","RH","SSs","0.515","JM","W3-1.3","(-)6.000","(-)3.000",647.353317183035,1267.37674871016,"E",247,1,2,343
"87","111722","SH P0-P1","RH","SSs","0.515","JM","W3-1.3","(-)6.000","(-)3.000",647.353317183035,1267.37674871016,"E",247,1,2,293
"88","111722","SH P0-P1","RH","SSs","0.515","JM","W3-1.3","(-)6.000","(-)3.000",647.353317183035,1267.37674871016,"E",247,1,2,333
"89","111722","SH P0-P1","RH","SSs","0.515","JM","W3-1.3","(-)6.000","(-)3.000",647.353317183035,1267.37674871016,"E",247,1,2,328
"90","111722","SH P0-P1","RH","SSs","0.515","JM","W3-1.3","(-)6.000","(-)3.000",647.353317183035,1267.37674871016,"E",247,1,2,263
"91","111722","SH P0-P1","RH","SSs","0.515","JM","W3-1.3","(-)6.000","(-)3.000",647.353317183035,1267.37674871016,"E",247,1,2,287
"92","111722","SH P0-P1","RH","SSs","0.515","JM","W3-1.3","(-)6.000","(-)3.000",647.353317183035,1267.37674871016,"E",247,1,2,270
"93","111722","SH P0-P1","RH","SSs","0.515","JM","W3-1.3","(-)6.000","(-)3.000",647.353317183035,1267.37674871016,"E",247,1,2,235
"94","111722","SH P0-P1","RH","SSs","0.515","JM","W3-1.3","(-)6.000","(-)3.000",647.353317183035,1267.37674871016,"E",247,1,2,258
"95","111722","SH P0-P1","RH","SSs","0.515","JM","W3-1.3","(-)6.000","(-)3.000",647.353317183035,1267.37674871016,"E",247,1,2,268
"96","111722","SH P0-P1","RH","SSs","0.515","JM","W3-1.3","(-)6.000","(-)3.000",647.353317183035,1267.37674871016,"E",247,1,2,235
"97","111722","SH P0-P1","RH","SSs","0.515","JM","W3-1.3","(-)6.000","(-)3.000",647.353317183035,1267.37674871016,"E",247,1,2,214
"98","111722","SH P0-P1","RH","SSs","0.515","JM","W3-1.3","(-)6.000","(-)3.000",647.353317183035,1267.37674871016,"E",247,1,2,196
"99","111722","SH P0-P1","RH","SSs","0.515","JM","W3-1.3","(-)6.000","(-)3.000",647.353317183035,1267.37674871016,"E",247,1,2,187
"100","111722","SH P0-P1","RH","SSs","0.515","JM","W3-1.3","(-)6.000","(-)3.000",647.353317183035,1267.37674871016,"E",247,1,2,184
"101","111722","SH P0-P1","RH","SSs","0.515","JM","W3-1.3","(-)6.000","(-)3.000",647.353317183035,1267.37674871016,"E",247,1,2,192
"102","111722","SH P0-P1","RH","SSs","0.515","JM","W3-1.3","(-)6.000","(-)3.000",647.353317183035,1267.37674871016,"E",247,1,2,164
"103","111722","SH P0-P1","RH","SSs","0.515","JM","W3-1.3","(-)6.000","(-)3.000",647.353317183035,1267.37674871016,"E",247,1,2,144
"104","111722","SH P0-P1","RH","SSs","0.515","JM","W3-1.3","(-)6.000","(-)3.000",647.353317183035,1267.37674871016,"E",247,1,2,172
"105","111722","SH P0-P1","RH","SSs","0.515","JM","W3-1.3","(-)6.000","(-)3.000",647.353317183035,1267.37674871016,"E",247,1,2,170
"106","111722","SH P0-P1","RH","SSs","0.515","JM","W3-1.3","(-)6.000","(-)3.000",647.353317183035,1267.37674871016,"E",247,1,2,131
"107","111722","SH P0-P1","RH","SSs","0.515","JM","W3-1.3","(-)6.000","(-)3.000",647.353317183035,1267.37674871016,"E",247,1,2,125
"108","111722","SH P0-P1","RH","SSs","0.515","JM","W3-1.3","(-)6.000","(-)3.000",647.353317183035,1267.37674871016,"E",247,1,2,144
"109","111722","SH P0-P1","RH","SSs","0.515","JM","W3-1.3","(-)6.000","(-)3.000",647.353317183035,1267.37674871016,"E",247,1,2,122
"110","111722","SH P0-P1","RH","SSs","0.515","JM","W3-1.3","(-)6.000","(-)3.000",647.353317183035,1267.37674871016,"E",247,1,2,124
"111","111722","SH P0-P1","RH","SSs","0.515","JM","W3-1.3","(-)6.000","(-)3.000",647.353317183035,1267.37674871016,"E",247,1,2,131
"112","111722","SH P0-P1","RH","SSs","0.515","JM","W3-1.3","(-)6.000","(-)3.000",647.353317183035,1267.37674871016,"E",247,1,2,106
"113","111722","SH P0-P1","RH","SSs","0.515","JM","W3-1.3","(-)6.000","(-)3.000",647.353317183035,1267.37674871016,"E",247,1,2,128
"114","111722","SH P0-P1","RH","SSs","0.515","JM","W3-1.3","(-)6.000","(-)3.000",647.353317183035,1267.37674871016,"E",247,1,2,109
"115","111722","SH P0-P1","RH","SSs","0.515","JM","W3-1.3","(-)6.000","(-)3.000",647.353317183035,1267.37674871016,"E",247,1,2,94
"116","111722","SH P0-P1","RH","SSs","0.515","JM","W3-1.3","(-)6.000","(-)3.000",647.353317183035,1267.37674871016,"E",247,1,2,100
"117","111722","SH P0-P1","RH","SSs","0.515","JM","W3-1.3","(-)6.000","(-)3.000",647.353317183035,1267.37674871016,"E",247,1,2,73
"118","111722","SH P0-P1","RH","SSs","0.515","JM","W3-1.3","(-)6.000","(-)3.000",647.353317183035,1267.37674871016,"E",247,1,2,85
"119","111722","SH P0-P1","RH","SSs","0.515","JM","W3-1.3","(-)6.000","(-)3.000",647.353317183035,1267.37674871016,"E",247,1,2,98
"120","111722","SH P0-P1","RH","SSs","0.515","JM","W3-1.3","(-)6.000","(-)3.000",647.353317183035,1267.37674871016,"E",247,1,2,88
"121","111722","SH P0-P1","RH","SSs","0.515","JM","W3-1.3","(-)6.000","(-)3.000",647.353317183035,1267.37674871016,"E",247,1,2,78
"122","111722","SH P0-P1","RH","SSs","0.515","JM","W3-1.3","(-)6.000","(-)3.000",647.353317183035,1267.37674871016,"E",247,1,2,81
"123","111722","SH P0-P1","RH","SSs","0.515","JM","W3-1.3","(-)6.000","(-)3.000",647.353317183035,1267.37674871016,"E",247,1,2,78
"124","111722","SH P0-P1","RH","SSs","0.515","JM","W3-1.3","(-)6.000","(-)3.000",647.353317183035,1267.37674871016,"E",247,1,2,68
"125","111722","SH P0-P1","RH","SSs","0.515","JM","W3-1.3","(-)6.000","(-)3.000",647.353317183035,1267.37674871016,"E",247,1,2,54
"126","111722","SH P0-P1","RH","SSs","0.515","JM","W3-1.3","(-)6.000","(-)3.000",647.353317183035,1267.37674871016,"E",247,1,2,61
"127","111722","SH P0-P1","RH","SSs","0.515","JM","W3-1.3","(-)6.000","(-)3.000",647.353317183035,1267.37674871016,"E",247,1,2,68
"128","111722","SH P0-P1","RH","SSs","0.515","JM","W3-1.3","(-)6.000","(-)3.000",647.353317183035,1267.37674871016,"E",247,1,2,56
"129","111722","SH P0-P1","RH","SSs","0.515","JM","W3-1.3","(-)6.000","(-)3.000",647.353317183035,1267.37674871016,"E",247,1,2,54
"130","111722","SH P0-P1","RH","SSs","0.515","JM","W3-1.3","(-)6.000","(-)3.000",647.353317183035,1267.37674871016,"E",247,1,2,44
"131","111722","SH P0-P1","RH","SSs","0.515","JM","W3-1.3","(-)6.000","(-)3.000",647.353317183035,1267.37674871016,"E",247,1,2,48
"132","111722","SH P0-P1","RH","SSs","0.515","JM","W3-1.3","(-)6.000","(-)3.000",647.353317183035,1267.37674871016,"E",247,1,2,60
"133","111722","SH P0-P1","RH","SSs","0.515","JM","W3-1.3","(-)6.000","(-)3.000",647.353317183035,1267.37674871016,"E",247,1,2,53
"134","111722","SH P0-P1","RH","SSs","0.515","JM","W3-1.3","(-)6.000","(-)3.000",647.353317183035,1267.37674871016,"E",247,1,2,50
"135","111722","SH P0-P1","RH","SSs","0.515","JM","W3-1.3","(-)6.000","(-)3.000",647.353317183035,1267.37674871016,"E",247,1,2,47
"136","111722","SH P0-P1","RH","SSs","0.515","JM","W3-1.3","(-)6.000","(-)3.000",647.353317183035,1267.37674871016,"E",247,1,2,62
"137","111722","SH P0-P1","RH","SSs","0.515","JM","W3-1.3","(-)6.000","(-)3.000",647.353317183035,1267.37674871016,"E",247,1,2,56
"138","111722","SH P0-P1","RH","SSs","0.515","JM","W3-1.3","(-)6.000","(-)3.000",647.353317183035,1267.37674871016,"E",247,1,2,37
"139","111722","SH P0-P1","RH","SSs","0.515","JM","W3-1.3","(-)6.000","(-)3.000",647.353317183035,1267.37674871016,"E",247,1,2,35
"140","111722","SH P0-P1","RH","SSs","0.515","JM","W3-1.3","(-)6.000","(-)3.000",647.353317183035,1267.37674871016,"E",247,1,2,24
"141","111722","SH P0-P1","RH","SSs","0.515","JM","W3-1.3","(-)6.000","(-)3.000",647.353317183035,1267.37674871016,"E",247,1,2,38
"142","111722","SH P0-P1","RH","SSs","0.515","JM","W3-1.3","(-)6.000","(-)3.000",647.353317183035,1267.37674871016,"E",247,1,2,35
"143","111722","SH P0-P1","RH","SSs","0.515","JM","W3-1.3","(-)6.000","(-)3.000",647.353317183035,1267.37674871016,"E",247,1,2,21
"144","111722","SH P0-P1","RH","SSs","0.515","JM","W3-1.3","(-)6.000","(-)3.000",647.353317183035,1267.37674871016,"E",247,1,2,25
"145","111722","SH P0-P1","RH","SSs","0.515","JM","W3-1.3","(-)6.000","(-)3.000",647.353317183035,1267.37674871016,"E",247,1,2,25
"146","111722","SH P0-P1","RH","SSs","0.515","JM","W3-1.3","(-)6.000","(-)3.000",647.353317183035,1267.37674871016,"E",247,1,2,27
"147","111722","SH P0-P1","RH","SSs","0.515","JM","W3-1.3","(-)6.000","(-)3.000",647.353317183035,1267.37674871016,"E",247,1,2,28
"148","111722","SH P0-P1","RH","SSs","0.515","JM","W3-1.3","(-)6.000","(-)3.000",647.353317183035,1267.37674871016,"E",247,1,2,27
"149","111722","SH P0-P1","RH","SSs","0.515","JM","W3-1.3","(-)6.000","(-)3.000",647.353317183035,1267.37674871016,"E",247,1,2,25
"150","111722","SH P0-P1","RH","SSs","0.515","JM","W3-1.3","(-)6.000","(-)3.000",647.353317183035,1267.37674871016,"E",247,1,2,25
"151","111722","SH P0-P1","RH","SSs","0.515","JM","W3-1.3","(-)6.000","(-)3.000",647.353317183035,1267.37674871016,"E",247,1,2,19
"152","111722","SH P0-P1","RH","SSs","0.515","JM","W3-1.3","(-)6.000","(-)3.000",647.353317183035,1267.37674871016,"E",247,1,2,21
"153","111722","SH P0-P1","RH","SSs","0.515","JM","W3-1.3","(-)6.000","(-)3.000",647.353317183035,1267.37674871016,"E",247,1,2,24
"154","111722","SH P0-P1","RH","SSs","0.515","JM","W3-1.3","(-)6.000","(-)3.000",647.353317183035,1267.37674871016,"E",247,1,2,15
"155","111722","SH P0-P1","RH","SSs","0.515","JM","W3-1.3","(-)6.000","(-)3.000",647.353317183035,1267.37674871016,"E",247,1,2,19
"156","111722","SH P0-P1","RH","SSs","0.515","JM","W3-1.3","(-)6.000","(-)3.000",647.353317183035,1267.37674871016,"E",247,1,2,18
"157","111722","SH P0-P1","RH","SSs","0.515","JM","W3-1.3","(-)6.000","(-)3.000",647.353317183035,1267.37674871016,"E",247,1,2,16
"158","111722","SH P0-P1","RH","SSs","0.515","JM","W3-1.3","(-)6.000","(-)3.000",647.353317183035,1267.37674871016,"E",247,1,2,14
"159","111722","SH P0-P1","RH","SSs","0.515","JM","W3-1.3","(-)6.000","(-)3.000",647.353317183035,1267.37674871016,"E",247,1,2,13
"160","111722","SH P0-P1","RH","SSs","0.515","JM","W3-1.3","(-)6.000","(-)3.000",647.353317183035,1267.37674871016,"E",247,1,2,13
"161","111722","SH P0-P1","RH","SSs","0.515","JM","W3-1.3","(-)6.000","(-)3.000",647.353317183035,1267.37674871016,"E",247,1,2,10
"162","111722","SH P0-P1","RH","SSs","0.515","JM","W3-1.3","(-)6.000","(-)3.000",647.353317183035,1267.37674871016,"E",247,1,2,15
"163","111722","SH P0-P1","RH","SSs","0.515","JM","W3-1.3","(-)6.000","(-)3.000",647.353317183035,1267.37674871016,"E",247,1,2,9
"164","111722","SH P0-P1","RH","SSs","0.515","JM","W3-1.3","(-)6.000","(-)3.000",647.353317183035,1267.37674871016,"E",247,1,2,13
"165","111722","SH P0-P1","RH","SSs","0.515","JM","W3-1.3","(-)6.000","(-)3.000",647.353317183035,1267.37674871016,"E",247,1,2,11
"166","111722","SH P0-P1","RH","SSs","0.515","JM","W3-1.3","(-)6.000","(-)3.000",647.353317183035,1267.37674871016,"E",247,1,2,12
"167","111722","SH P0-P1","RH","SSs","0.515","JM","W3-1.3","(-)6.000","(-)3.000",647.353317183035,1267.37674871016,"E",247,1,2,6
"168","111722","SH P0-P1","RH","SSs","0.515","JM","W3-1.3","(-)6.000","(-)3.000",647.353317183035,1267.37674871016,"E",247,1,2,15
"169","111722","SH P0-P1","RH","SSs","0.515","JM","W3-1.3","(-)6.000","(-)3.000",647.353317183035,1267.37674871016,"E",247,1,2,7
"170","111722","SH P0-P1","RH","SSs","0.515","JM","W3-1.3","(-)6.000","(-)3.000",647.353317183035,1267.37674871016,"E",247,1,2,13
"171","111722","SH P0-P1","RH","SSs","0.515","JM","W3-1.3","(-)6.000","(-)3.000",647.353317183035,1267.37674871016,"E",247,1,2,5
"172","111722","SH P0-P1","RH","SSs","0.515","JM","W3-1.3","(-)6.000","(-)3.000",647.353317183035,1267.37674871016,"E",247,1,2,7
"173","111722","SH P0-P1","RH","SSs","0.515","JM","W3-1.3","(-)6.000","(-)3.000",647.353317183035,1267.37674871016,"E",247,1,2,11
"174","111722","SH P0-P1","RH","SSs","0.515","JM","W3-1.3","(-)6.000","(-)3.000",647.353317183035,1267.37674871016,"E",247,1,2,9
"175","111722","SH P0-P1","RH","SSs","0.515","JM","W3-1.3","(-)6.000","(-)3.000",647.353317183035,1267.37674871016,"E",247,1,2,9
"176","111722","SH P0-P1","RH","SSs","0.515","JM","W3-1.3","(-)6.000","(-)3.000",647.353317183035,1267.37674871016,"E",247,1,2,10
"177","111722","SH P0-P1","RH","SSs","0.515","JM","W3-1.3","(-)6.000","(-)3.000",647.353317183035,1267.37674871016,"E",247,1,2,10
"178","111722","SH P0-P1","RH","SSs","0.515","JM","W3-1.3","(-)6.000","(-)3.000",647.353317183035,1267.37674871016,"E",247,1,2,11
"179","111722","SH P0-P1","RH","SSs","0.515","JM","W3-1.3","(-)6.000","(-)3.000",647.353317183035,1267.37674871016,"E",247,1,2,6
"180","111722","SH P0-P1","RH","SSs","0.515","JM","W3-1.3","(-)6.000","(-)3.000",647.353317183035,1267.37674871016,"E",247,1,2,8
"181","111722","SH P0-P1","RH","SSs","0.515","JM","W3-1.3","(-)6.000","(-)3.000",647.353317183035,1267.37674871016,"E",247,1,2,4
"182","111722","SH P0-P1","RH","SSs","0.515","JM","W3-1.3","(-)6.000","(-)3.000",647.353317183035,1267.37674871016,"E",247,1,2,3
"183","111722","SH P0-P1","RH","SSs","0.515","JM","W3-1.3","(-)6.000","(-)3.000",647.353317183035,1267.37674871016,"E",247,1,2,7
"184","111722","SH P0-P1","RH","SSs","0.515","JM","W3-1.3","(-)6.000","(-)3.000",647.353317183035,1267.37674871016,"E",247,1,2,4
"185","111722","SH P0-P1","RH","SSs","0.515","JM","W3-1.3","(-)6.000","(-)3.000",647.353317183035,1267.37674871016,"E",247,1,2,2
"186","111722","SH P0-P1","RH","SSs","0.515","JM","W3-1.3","(-)6.000","(-)3.000",647.353317183035,1267.37674871016,"E",247,1,2,6
"187","111722","SH P0-P1","RH","SSs","0.515","JM","W3-1.3","(-)6.000","(-)3.000",647.353317183035,1267.37674871016,"E",247,1,2,3
"188","111722","SH P0-P1","RH","SSs","0.515","JM","W3-1.3","(-)6.000","(-)3.000",647.353317183035,1267.37674871016,"E",247,1,2,5
"189","111722","SH P0-P1","RH","SSs","0.515","JM","W3-1.3","(-)6.000","(-)3.000",647.353317183035,1267.37674871016,"E",247,1,2,4
"190","111722","SH P0-P1","RH","SSs","0.515","JM","W3-1.3","(-)6.000","(-)3.000",647.353317183035,1267.37674871016,"E",247,1,2,5
"191","111722","SH P0-P1","RH","SSs","0.515","JM","W3-1.3","(-)6.000","(-)3.000",647.353317183035,1267.37674871016,"E",247,1,2,1
"192","111722","SH P0-P1","RH","SSs","0.515","JM","W3-1.3","(-)6.000","(-)3.000",647.353317183035,1267.37674871016,"E",247,1,2,2
"193","111722","SH P0-P1","RH","SSs","0.515","JM","W3-1.3","(-)6.000","(-)3.000",647.353317183035,1267.37674871016,"E",247,1,2,2
"194","111722","SH P0-P1","RH","SSs","0.515","JM","W3-1.3","(-)6.000","(-)3.000",647.353317183035,1267.37674871016,"E",247,1,2,1
"195","111722","SH P0-P1","RH","SSs","0.515","JM","W3-1.3","(-)6.000","(-)3.000",647.353317183035,1267.37674871016,"E",247,1,2,3
"196","111722","SH P0-P1","RH","SSs","0.515","JM","W3-1.3","(-)6.000","(-)3.000",647.353317183035,1267.37674871016,"E",247,1,2,1
"197","111722","SH P0-P1","RH","SSs","0.515","JM","W3-1.3","(-)6.000","(-)3.000",647.353317183035,1267.37674871016,"E",247,1,2,3
"198","111722","SH P0-P1","RH","SSs","0.515","JM","W3-1.3","(-)6.000","(-)3.000",647.353317183035,1267.37674871016,"E",247,1,2,3
"199","111722","SH P0-P1","RH","SSs","0.515","JM","W3-1.3","(-)6.000","(-)3.000",647.353317183035,1267.37674871016,"E",247,1,2,1
"200","111722","SH P0-P1","RH","SSs","0.515","JM","W3-1.3","(-)6.000","(-)3.000",647.353317183035,1267.37674871016,"E",247,1,2,1
"201","111722","SH P0-P1","RH","SSs","0.515","JM","W3-1.3","(-)6.000","(-)3.000",647.353317183035,1267.37674871016,"E",247,1,2,2
"202","111722","SH P0-P1","RH","SSs","0.515","JM","W3-1.3","(-)6.000","(-)3.000",647.353317183035,1267.37674871016,"E",247,1,2,1
"203","111722","SH P0-P1","RH","SSs","0.515","JM","W3-1.3","(-)6.000","(-)3.000",647.353317183035,1267.37674871016,"E",247,1,2,2
"204","111722","SH P0-P1","RH","SSs","0.515","JM","W3-1.3","(-)6.000","(-)3.000",647.353317183035,1267.37674871016,"E",247,1,2,3
"205","111722","SH P0-P1","RH","SSs","0.515","JM","W3-1.3","(-)6.000","(-)3.000",647.353317183035,1267.37674871016,"E",247,1,2,1
"206","111722","SH P0-P1","RH","SSs","0.515","JM","W3-1.3","(-)6.000","(-)3.000",647.353317183035,1267.37674871016,"E",247,1,2,1
"207","111722","SH P0-P1","RH","SSs","0.515","JM","W3-1.3","(-)6.000","(-)3.000",647.353317183035,1267.37674871016,"E",247,1,2,1
"208","111722","SH P0-P1","RH","SSs","0.515","JM","W3-1.3","(-)6.000","(-)3.000",647.353317183035,1267.37674871016,"E",247,1,2,0
"209","111722","SH P0-P1","RH","SSs","0.515","JM","W3-1.3","(-)6.000","(-)3.000",647.353317183035,1267.37674871016,"E",247,1,2,1
"210","111722","SH P0-P1","RH","SSs","0.515","JM","W3-1.3","(-)6.000","(-)3.000",647.353317183035,1267.37674871016,"E",247,1,2,0
"211","111722","SH P0-P1","RH","SSs","0.515","JM","W3-1.3","(-)6.000","(-)3.000",647.353317183035,1267.37674871016,"E",247,1,2,0
"212","111722","SH P0-P1","RH","SSs","0.515","JM","W3-1.3","(-)6.000","(-)3.000",647.353317183035,1267.37674871016,"E",247,1,2,1
"213","111722","SH P0-P1","RH","SSs","0.515","JM","W3-1.3","(-)6.000","(-)3.000",647.353317183035,1267.37674871016,"E",247,1,2,0
"214","111722","SH P0-P1","RH","SSs","0.515","JM","W3-1.3","(-)6.000","(-)3.000",647.353317183035,1267.37674871016,"E",247,1,2,0
"215","111722","SH P0-P1","RH","SSs","0.515","JM","W3-1.3","(-)6.000","(-)3.000",647.353317183035,1267.37674871016,"E",247,1,2,1
"216","111722","SH P0-P1","RH","SSs","0.515","JM","W3-1.3","(-)6.000","(-)3.000",647.353317183035,1267.37674871016,"E",247,1,2,2
"217","111722","SH P0-P1","RH","SSs","0.515","JM","W3-1.3","(-)6.000","(-)3.000",647.353317183035,1267.37674871016,"E",247,1,2,0
"218","111722","SH P0-P1","RH","SSs","0.515","JM","W3-1.3","(-)6.000","(-)3.000",647.353317183035,1267.37674871016,"E",247,1,2,2
"219","111722","SH P0-P1","RH","SSs","0.515","JM","W3-1.3","(-)6.000","(-)3.000",647.353317183035,1267.37674871016,"E",247,1,2,0
"220","111722","SH P0-P1","RH","SSs","0.515","JM","W3-1.3","(-)6.000","(-)3.000",647.353317183035,1267.37674871016,"E",247,1,2,1
"221","111722","SH P0-P1","RH","SSs","0.515","JM","W3-1.3","(-)6.000","(-)3.000",647.353317183035,1267.37674871016,"E",247,1,2,1
"222","111722","SH P0-P1","RH","SSs","0.515","JM","W3-1.3","(-)6.000","(-)3.000",647.353317183035,1267.37674871016,"E",247,1,2,0
"223","111722","SH P0-P1","RH","SSs","0.515","JM","W3-1.3","(-)6.000","(-)3.000",647.353317183035,1267.37674871016,"E",247,1,2,1
"224","111722","SH P0-P1","RH","SSs","0.515","JM","W3-1.3","(-)6.000","(-)3.000",647.353317183035,1267.37674871016,"E",247,1,2,0
"225","111722","SH P0-P1","RH","SSs","0.515","JM","W3-1.3","(-)6.000","(-)3.000",647.353317183035,1267.37674871016,"E",247,1,2,1
"226","111722","SH P0-P1","RH","SSs","0.515","JM","W3-1.3","(-)6.000","(-)3.000",647.353317183035,1267.37674871016,"E",247,1,2,0
"227","111722","SH P0-P1","RH","SSs","0.515","JM","W3-1.3","(-)6.000","(-)3.000",647.353317183035,1267.37674871016,"E",247,1,2,0
"228","111722","SH P0-P1","RH","SSs","0.515","JM","W3-1.3","(-)6.000","(-)3.000",647.353317183035,1267.37674871016,"E",247,1,2,1
"229","111722","SH P0-P1","RH","SSs","0.515","JM","W3-1.3","(-)6.000","(-)3.000",647.353317183035,1267.37674871016,"E",247,1,2,0
"230","111722","SH P0-P1","RH","SSs","0.515","JM","W3-1.3","(-)6.000","(-)3.000",647.353317183035,1267.37674871016,"E",247,1,2,0
"231","111722","SH P0-P1","RH","SSs","0.515","JM","W3-1.3","(-)6.000","(-)3.000",647.353317183035,1267.37674871016,"E",247,1,2,0
"232","111722","SH P0-P1","RH","SSs","0.515","JM","W3-1.3","(-)6.000","(-)3.000",647.353317183035,1267.37674871016,"E",247,1,2,0
"233","111722","SH P0-P1","RH","SSs","0.515","JM","W3-1.3","(-)6.000","(-)3.000",647.353317183035,1267.37674871016,"E",247,1,2,0
"234","111722","SH P0-P1","RH","SSs","0.515","JM","W3-1.3","(-)6.000","(-)3.000",647.353317183035,1267.37674871016,"E",247,1,2,0
"235","111722","SH P0-P1","RH","SSs","0.515","JM","W3-1.3","(-)6.000","(-)3.000",647.353317183035,1267.37674871016,"E",247,1,2,0
"236","111722","SH P0-P1","RH","SSs","0.515","JM","W3-1.3","(-)6.000","(-)3.000",647.353317183035,1267.37674871016,"E",247,1,2,1
"237","111722","SH P0-P1","RH","SSs","0.515","JM","W3-1.3","(-)6.000","(-)3.000",647.353317183035,1267.37674871016,"E",247,1,2,0
"238","111722","SH P0-P1","RH","SSs","0.515","JM","W3-1.3","(-)6.000","(-)3.000",647.353317183035,1267.37674871016,"E",247,1,2,0
"239","111722","SH P0-P1","RH","SSs","0.515","JM","W3-1.3","(-)6.000","(-)3.000",647.353317183035,1267.37674871016,"E",247,1,2,0
"240","111722","SH P0-P1","RH","SSs","0.515","JM","W3-1.3","(-)6.000","(-)3.000",647.353317183035,1267.37674871016,"E",247,1,2,0
"241","111722","SH P0-P1","RH","SSs","0.515","JM","W3-1.3","(-)6.000","(-)3.000",647.353317183035,1267.37674871016,"E",247,1,2,0
"242","111722","SH P0-P1","RH","SSs","0.515","JM","W3-1.3","(-)6.000","(-)3.000",647.353317183035,1267.37674871016,"E",247,1,2,0
"243","111722","SH P0-P1","RH","SSs","0.515","JM","W3-1.3","(-)6.000","(-)3.000",647.353317183035,1267.37674871016,"E",247,1,2,0
"244","111722","SH P0-P1","RH","SSs","0.515","JM","W3-1.3","(-)6.000","(-)3.000",647.353317183035,1267.37674871016,"E",247,1,2,0
"245","111722","SH P0-P1","RH","SSs","0.515","JM","W3-1.3","(-)6.000","(-)3.000",647.353317183035,1267.37674871016,"E",247,1,2,0
"246","111722","SH P0-P1","RH","SSs","0.515","JM","W3-1.3","(-)6.000","(-)3.000",647.353317183035,1267.37674871016,"E",247,1,2,0
"247","111722","SH P0-P1","RH","SSs","0.515","JM","W3-1.3","(-)6.000","(-)3.000",647.353317183035,1267.37674871016,"E",247,1,2,0
